8469
10439
10340
9520
10253
8812
9809
9684
10120
10024
9259
9815
9137
9097
9289
9291
10611
8188
9582
11199
8968
9899
10149
8900
8208
8458
8539
9687
9550
9445
8196
11589
9263
11425
10309
10467
23836
11358
11181
11327
8447
10315
10189
23866
23947
11334
9999
9874
9193
11053
9880
10285
9859
11008
9858
10842
10677
10676
10108
10351
11240
7728
9863
11484
10843
9875
9860
9864
9393
10678
9402
10113
10681
10491
11320
11362
11097
9878
10544
9568
11723
9855
9031
9861
10079
9888
10517
10475
10175
9789
23891
9873
10216
9857
10147
10311
8361
8709
9534
11098
10275
8878
10906
8545
9771
8936
9021
8453
8454
10991
8656
8626
10259
10729
10045
8468
10902
11571
11824
11825
11267
9382
7716
10521
10522
11040
8725
9284
7691
8597
9669
11707
10818
10208
11087
8436
9606
10590
7933
11078
10600
10946
9972
10652
11018
9973
8237
11077
10093
10067
10299
7927
8537
9768
10515
10282
9921
10630
9966
10107
10205
8745
10394
9970
11045
10001
10519
9607
11043
8480
9489
8809
9397
9770
10429
11076
9965
11907
9762
10632
9964
11736
9386
9569
9336
10534
11120
11121
10985
9485
9515
8169
8168
10636
10635
7986
9842
11515
8802
9928
9927
8367
9840
10236
10509
10480
11805
8535
11504
8871
11365
10027
10969
11021
8098
8528
9208
10321
11552
10564
10753
10773
8736
7780
10975
11007
9268
11584
8683
8678
8679
8686
8699
8282
8671
8668
8692
8693
8689
8698
8700
8674
8263
8687
8688
8672
8669
8261
11887
8694
8680
8273
8268
8270
23762
11923
7936
7935
8750
10809
10808
9121
10221
10270
10258
9788
9470
10152
7861
7862
8486
8399
9988
9816
10436
7805
23944
9183
23765
8670
8235
8465
8558
8971
11664
9959
10862
10471
11582
11866
10129
11583
8318
9991
11016
11148
9726
10627
9811
11054
11679
8513
8512
8304
11553
8965
8973
8963
23825
10990
8143
8145
9113
11095
10279
11186
11478
11435
10498
9950
8951
11290
11324
11325
9158
10499
9751
11094
8953
8425
10516
9111
9255
9001
9321
11683
9854
11096
8504
9549
7778
8190
8944
11046
11453
8020
10103
11711
11560
9187
9078
11487
10724
10114
11463
11812
9254
10229
10761
9794
10655
11808
11807
9124
10601
9385
8600
11689
7696
7693
7700
10966
10967
9605
11156
10561
9125
10532
11661
9904
11445
10117
8798
10582
8446
8380
10916
11236
10276
9718
7786
9425
10834
7783
10162
7784
11903
11366
9459
9184
11231
11051
10817
9525
11202
9299
9357
9356
9262
8733
9135
10928
11113
10981
7903
10979
8729
11255
8732
10924
10923
9261
8864
10925
23838
10973
9745
10360
10869
10903
10857
10662
8546
7940
23821
9230
9229
8067
7815
9852
8300
8667
10029
9919
9920
9917
11550
11461
11514
10176
10295
9221
9608
7865
9241
8461
9266
11252
11420
10670
10182
9478
10399
10833
8096
8097
7719
7718
7717
7967
8069
8861
10357
10580
10012
11001
23849
8854
8791
8166
11472
11845
10013
10078
9851
11855
11005
9701
11294
9700
9750
10974
8122
11079
8462
10122
10717
11339
11336
7759
11243
11460
11489
11351
10617
8758
11342
10624
11767
11278
10619
11521
11349
9593
11345
11341
11355
11249
11523
11338
11337
9592
11346
10625
11348
11354
9596
10618
11525
9590
11335
8463
11178
11223
10646
9576
11692
11977
9795
9711
11919
11271
11979
11654
9095
11238
7973
8619
11757
11992
10198
10271
10065
8591
8438
8875
8620
9316
7955
8424
9938
8618
7790
7796
9527
10233
10235
10141
11797
8024
8455
11528
8356
11655
9495
9514
8801
10727
10425
11506
8607
9573
10032
10435
11139
8207
11910
11512
11143
10487
10890
10486
9690
10488
10485
9704
9703
10481
9691
9693
8040
11892
11499
11607
11905
11164
11818
10306
10305
10379
11674
11684
9727
7880
10736
7885
8092
8090
10541
9142
10653
10518
11219
10598
11111
23913
10953
9063
10752
11588
9079
8533
8523
8431
8229
8429
11157
7985
10080
8518
7898
7956
8598
11168
8822
23898
23805
7819
10640
11817
10222
11885
8665
7972
9848
8403
23945
23906
23952
23773
9398
10673
11176
11333
11112
9513
10352
9511
10014
23775
1531
11147
9491
10931
8643
8645
11886
8623
9387
8132
23734
11568
10404
10431
10116
10118
10944
8240
10550
9300
7763
7762
7750
8803
9516
9517
8218
8785
8775
8212
9564
10875
7814
10705
11852
9533
11041
11897
10832
7918
10665
10642
11085
11101
11126
23780
9518
10225
11687
8478
9419
23829
7987
8011
8522
23928
23791
8221
9297
9715
8441
9522
9901
8074
8072
10179
11322
8071
9431
7864
8163
9603
9614
9282
9169
8933
10547
10085
7951
11890
11245
9070
9656
10002
10900
8867
8019
8023
8030
8029
8217
8022
8012
8026
8015
8021
8214
8057
8942
8215
8051
9295
8043
8224
8041
11826
8797
8796
8105
9320
7485
11963
8800
8059
8336
8422
9913
23929
23873
8366
10577
2041
7766
23820
9240
9351
10016
10017
8165
10495
7913
8994
11288
8778
10173
8780
11577
10638
9194
9819
8873
10551
10214
11179
11155
11222
9337
11474
8882
8052
23890
8491
11526
11462
11439
10756
9350
11306
9349
9942
8938
7761
1319
9166
7710
7747
11876
10626
9237
9298
10161
7975
11247
11829
9954
8948
9622
10929
23839
10937
8080
10166
9442
11486
11321
9323
7682
9555
9556
9469
7810
9487
7684
9054
9502
11152
11743
8204
11730
8997
9314
8959
7949
8094
8296
9381
9507
8335
10978
11015
10333
23872
8989
11419
9132
8180
8178
10226
11302
10405
9013
11034
11912
11159
11868
11913
23847
11031
11915
11108
23877
8417
8393
8390
8418
10358
8389
8388
8702
10087
8376
8788
10190
8385
8396
8362
8395
8394
8386
8639
9212
8365
8364
9227
8372
10086
10038
23949
8782
8378
10192
10243
11427
23845
9226
8382
8379
8494
8368
11277
8879
11455
9092
11622
10371
10370
10810
10105
7808
9437
9112
10826
10348
11806
9482
11116
10240
10091
8659
8435
8783
8727
8460
10413
9757
9758
8164
7847
8902
23922
9618
10292
9077
9228
10643
11308
11516
11930
9480
9479
23736
8503
8721
8866
8811
11535
8719
10557
27918
10287
10206
11980
10298
10412
10400
11330
11702
9388
10612
8006
10855
8078
8077
11305
11292
11225
8243
9825
9154
9288
9287
9286
11304
9147
9225
8495
8492
9868
10658
8901
8814
8370
10633
7831
11700
11284
11964
11084
7834
7840
8247
7836
8009
7990
7829
7841
8588
7826
23853
8325
7820
7856
8317
7889
11539
7838
7846
7828
7823
8583
8305
7891
7774
7798
8573
7884
7822
8004
7992
7775
7825
7881
8315
10008
7824
7994
8010
8331
8008
8313
8223
7773
8306
8584
8249
8005
8319
7845
8321
6260
10847
7879
7882
8931
8307
8329
7844
7855
11505
7848
9499
8323
9460
8308
8576
8244
8579
8310
7850
9407
8309
9066
8314
8248
8580
8332
8587
8581
9036
8929
8582
8574
8575
8990
11717
8932
8928
8927
9472
8924
8922
8923
9400
11860
23850
9934
11025
11965
11123
9030
8915
7991
7821
8985
11363
7777
8722
10859
10073
9769
10697
10535
8226
11620
9426
11433
10758
10704
11049
10003
10004
8741
10380
8974
8920
8863
9531
8172
9503
10135
10134
10071
8113
8534
9421
11718
8117
10536
10178
11254
11369
8228
11289
9967
9588
11864
11131
11203
9098
11221
10028
9577
9091
23858
23860
11370
11359
11428
9912
7522
11821
23848
11762
9651
23869
9658
11746
8557
8737
9278
8062
9119
23784
9798
9532
8642
23864
11696
8638
8742
9150
23940
8723
23918
23905
23937
23935
23938
23942
23926
23943
11699
11701
11218
11799
9334
11020
11594
11945
10264
10747
8813
10821
11100
8088
8089
9170
9961
8471
8470
8508
24478
9957
11574
9418
11299
11770
10529
10528
7893
8459
9383
9763
9764
8892
9836
23842
9007
11037
11795
9835
9290
8227
8590
9292
7878
11136
8628
8776
8635
8636
8762
8763
8886
8487
11293
8110
8111
8106
7947
8507
8416
7950
8885
8186
9937
10317
8445
9631
11981
10575
11681
9725
11565
10905
23904
10664
10300
10378
11088
8612
9275
9468
10341
11011
9784
8876
9777
9779
9128
9023
9773
8432
9774
9986
11917
9948
9127
23808
9191
9190
9953
9657
9129
9949
9272
7871
7866
7870
7869
11836
7867
10181
7868
7939
7872
9923
9925
9541
10088
9475
8910
9359
9717
8181
8167
8050
9823
8821
8421
8170
8608
9432
6805
11464
23846
11465
9243
9355
8914
9599
23852
9411
9122
10213
11869
10217
11239
8631
8926
11090
11089
9285
10131
9944
7800
8661
11850
8649
3164
8650
23823
9982
10230
11591
11990
8731
8613
9978
8947
10926
10592
10594
10593
9663
9664
8202
8200
8205
8201
23822
9434
7760
8705
10022
9586
8496
8498
8048
8073
10009
9461
9548
10683
9807
10170
9454
9455
9450
9451
9540
8174
9760
9500
11581
10132
11368
11331
10301
10043
11026
10401
10501
10964
11188
11695
10526
10527
11601
11906
10403
11027
11228
10375
10138
11573
10372
10095
11709
11909
11745
8898
10792
11810
11793
10211
10212
9420
10344
9198
9200
10784
11848
11849
8919
11819
11326
10782
7988
8339
9155
10384
10962
10880
9759
11670
9936
10188
11559
10829
10180
11927
11124
7689
8819
10119
10552
8816
8815
3427
8817
11183
7926
11624
10514
10907
10959
11691
8940
8192
8194
8193
10158
11065
11064
8183
11129
11128
11066
11033
9647
8184
11820
11447
7876
7873
9051
9257
8344
8343
8352
8348
8355
8353
8350
8345
8346
8351
8934
8342
8347
8354
8230
8231
23815
10207
11545
9730
11137
3471
8893
23824
8862
10139
11511
9123
11197
10606
10604
11067
10650
9559
9705
11132
8058
8511
10731
7753
10497
9947
7756
11533
10730
10728
9414
10562
9742
10771
10571
10502
9223
11102
11253
10691
11367
10345
10310
11544
11187
10770
8808
8743
11763
8187
9347
9345
9343
8906
9016
11446
7723
11502
11531
10852
11301
11497
10081
11086
9250
7726
23921
11625
10755
8099
10130
9277
7960
10215
11931
10876
7957
10607
11715
9050
8995
11259
10823
10822
10329
9761
9624
11258
10814
10812
10813
11768
9620
9621
9906
10790
10644
10692
10553
11599
11513
10325
9476
9627
10250
9847
23854
8664
8655
8517
9024
9216
9374
9367
9377
9369
9378
7932
7711
10780
9371
9375
9829
10563
9136
8195
9363
9360
9372
10873
9379
9364
10956
9376
8479
9361
9373
10844
9087
10970
10779
11002
10921
10320
10874
10777
10184
10183
10702
10701
9029
10587
9197
9249
11813
7982
7980
7984
7981
8159
8150
9131
8175
8442
10901
7770
10112
11863
7755
10410
11605
9575
11000
11160
9043
11192
9940
10254
10742
11498
8625
9610
11233
23844
10076
8909
11642
9315
11063
11232
10332
9939
9914
10104
9723
11727
10409
11564
10223
9319
11543
11729
10641
9724
11103
9722
11061
9176
11542
10933
10934
10621
11925
11185
9716
9271
23925
10559
9931
10684
10686
11058
10988
10856
11081
9574
7863
11585
9707
23797
8426
11908
8961
10797
9799
9554
9662
9714
11660
23840
11618
10726
11809
11606
10395
11144
10354
10610
10657
10177
8790
11686
9565
11595
11180
8962
23941
9178
9180
9116
9179
10725
9242
11843
9406
7999
8066
8982
7937
10021
10128
4902
9976
23832
4785
9006
9004
8003
8063
9273
9685
9681
9805
9308
8185
9632
9686
9688
9993
9002
9683
9009
9202
9640
9735
9734
9808
10168
9739
10783
11477
8799
10854
23863
8710
8761
10716
9313
8611
7924
8629
7892
8707
10247
10977
8949
8755
10083
8754
9422
9335
8770
9660
9661
10374
9790
7758
11047
10733
11946
10219
10699
9358
9233
8846
11731
8114
8119
10932
9269
9035
10804
8752
9354
11838
10031
23833
11710
8434
9654
11790
11438
11165
9391
9392
9389
10609
11536
11141
11140
8100
11529
11941
11110
10478
11940
9824
10094
10025
9256
9553
10383
10296
9427
9018
7970
10566
11948
10157
8666
8081
7737
7735
7741
7743
7733
7744
7732
9613
7745
7740
7742
9311
7804
11135
9908
8765
23862
11549
9935
23831
23882
9046
23837
11983
11657
10861
11899
10115
23931
8739
10269
9710
23830
9709
9828
10530
10239
8550
10807
8772
9235
8771
10710
11056
10570
11858
10347
11597
10820
10531
10249
10992
10355
11177
11310
11057
11175
9827
9782
11482
8450
9203
8138
9563
11566
9697
10840
10294
10307
23835
10313
11212
8298
10891
9720
9404
9504
10319
10971
10068
10089
8299
10954
9810
10603
9304
9589
10671
10616
9557
9850
9932
9974
11485
9609
10164
10976
9444
9440
10416
10558
10735
10732
9570
9508
9510
10506
10743
9551
23885
10349
10787
10785
10806
11480
9395
10805
8720
9332
10682
8330
10841
9845
11211
7877
7966
10362
1106
8049
8711
9992
11950
11804
11951
11389
11647
11404
11644
11394
11436
11407
11626
11841
11872
11646
11635
11755
11398
11704
11393
11411
11753
11395
11391
11385
23755
11408
11403
11518
11452
11410
11802
11751
11400
11649
11754
11390
11645
23787
11631
23793
11372
11371
11406
11387
11643
11412
11627
11409
23752
11634
11405
11973
11978
11401
11396
23756
11648
23753
11379
11383
10322
23807
11758
11882
11242
11388
11397
11839
11384
11380
11399
11413
11421
10204
11378
11756
23951
11402
11417
8242
23919
11382
11888
11414
23751
11637
23746
10308
11381
11630
11639
10200
11628
23759
11375
11273
11650
11374
23811
23740
23744
23743
23757
11376
8532
23779
11752
23802
23742
11803
11035
11873
10799
10800
23910
23909
23893
23749
11629
11373
23810
8234
23932
23924
23887
23859
23803
11791
11781
11782
23834
23785
11519
11801
11972
11971
11800
11784
11840
23879
23809
10106
11415
23748
23769
23806
23799
23950
23896
23801
23731
23912
23730
23741
23767
23902
23732
23768
23955
23800
23772
23739
23728
9082
10469
9081
9080
10389
9061
10837
8485
8526
11048
10543
11761
11617
11109
7963
7964
11083
11091
11641
9922
10257
8980
9416
8563
8564
8897
11163
9535
9952
11918
10940
11142
11296
8708
10066
10364
8406
9872
9866
8412
9871
8410
8415
8413
8414
8408
9870
11052
8433
11060
9883
8653
9076
8856
8916
10033
8786
9100
23958
10899
9561
9721
10848
10860
10768
23819
7958
7948
9719
11300
10984
11567
11540
8634
11929
11117
8046
8045
8044
8420
8047
11596
8056
8055
8939
10998
7921
9486
9071
11891
8542
10917
11842
9498
10668
10909
10193
8869
8870
9211
11938
8624
9274
8482
11270
9803
9390
10825
11074
11073
7886
8516
11562
11662
11426
11423
8053
9140
11237
9791
9616
23886
9099
11118
10595
10396
10377
10482
10483
11161
11162
10503
11312
10261
9318
7989
10464
10447
10444
10457
10451
10458
10453
10450
10445
10455
10454
10456
10408
10463
10465
10468
10459
10452
10446
10449
10460
10462
10373
10744
10567
9015
8061
8621
9003
8945
10765
10549
8444
9744
10442
10077
8527
10143
10145
11759
8855
11205
10961
10228
10386
9026
8118
11933
7916
8596
8525
11509
9109
10803
9239
10443
10920
11668
8767
11740
10053
8956
9384
10058
10666
10656
10648
9818
10063
10667
9157
10853
9213
9159
10919
9814
9813
10171
10144
10092
9217
10268
10267
11014
10202
10109
11246
10265
8191
9552
7938
8189
9617
11138
9307
8793
9055
8506
9084
11130
9997
9567
9566
11556
10816
7806
11832
8616
11431
11209
11044
8084
9022
9267
23870
7830
11576
10520
9643
9652
11072
23916
8747
8627
8894
10153
9542
9152
10155
9025
7757
7799
9027
9042
9672
10720
10312
10070
10209
10069
10210
8805
7764
8703
7715
9017
9236
8375
7946
8489
9853
10006
8836
8277
8286
7702
8835
7751
8278
8283
8850
8271
8258
23828
8842
7707
8830
8832
8837
8851
7914
8266
23827
8839
8746
9673
10037
8267
8840
7699
7789
7782
9064
11286
8889
8291
8256
8844
7706
7769
8289
8285
8662
9186
7787
8337
8116
8744
8257
8284
8280
7788
7912
8400
7767
8254
7765
8774
7907
8908
7794
7835
8969
10286
7969
7944
7929
11744
10573
8646
11991
10227
10628
9752
11172
11942
10863
10786
11815
10889
10896
10897
11171
11196
10849
10708
11173
11198
11541
10892
11765
11517
11986
8795
10390
9415
9074
11229
11230
11323
11719
8232
10293
9370
11652
9729
9492
10035
10102
11272
11030
10764
9048
8895
10649
10015
10302
10392
9312
10034
9962
10948
8544
8543
10659
7811
7809
7807
8572
8565
8555
8571
8570
8559
8568
8566
8553
8561
8556
8562
9403
10788
9471
11600
8155
8136
8127
8133
8126
8134
8153
8131
8147
8125
8124
8152
8149
8135
8144
8123
8162
8160
8141
8137
8604
8950
8499
9162
8500
9085
10819
9105
9103
8991
8540
11854
11874
11716
7919
7920
8592
7917
8293
10054
8818
10911
10915
9283
9010
8292
10886
9309
23895
23874
1918
1919
10466
10763
8197
9011
8502
9943
9222
9670
8958
10894
11479
11665
10881
10556
8594
8439
10484
9754
7801
11578
11590
9747
8648
11742
9149
11264
11878
9234
8967
8614
8622
11901
11984
9293
8630
11003
9177
10993
10996
10995
8083
11713
11853
8704
8456
8457
9188
11970
8806
8714
11956
10052
9067
11722
8992
8998
9353
9317
9600
9088
11580
11309
9822
9800
10629
11894
11307
9929
10244
10125
11982
10090
9666
9602
11831
10418
10918
9766
9990
10262
10000
10419
10049
10417
9696
9629
9881
10367
11295
9748
9869
9793
9895
9896
9801
10734
9837
11527
9893
9891
9882
10904
11880
23843
11444
11822
11667
9941
10368
10369
11957
10256
10304
11558
11816
10568
11440
11741
10376
11682
10393
10406
10407
11495
11093
23907
23936
10714
11780
11133
11548
10721
10712
10711
10723
10722
23884
11501
11680
11468
11469
11968
11987
10887
11904
11291
11069
11070
11555
11563
11520
11688
11107
11857
11676
11611
11721
11458
11297
7433
11922
11424
11875
11507
11895
11896
11569
11572
11561
11985
11835
11988
11989
11694
23880
11859
11712
11967
23855
11834
11898
26159
26161
23871
23786
23917
23923
23889
27237
23857
23933
23818
30621
23788
23903
23939
23901
23957
23908
23920
23956
23954
23953
23794
25536